3001	J1814+22		18:14:00		1.0e-01		+22:00:00		1.0e-01		253			1.0e-01		0		1.0e-01		62.3		1.0e-01
3002	J2336-01		23:36:00		1.0e-01		-01:00:00		1.0e-01		1029		1.0e-01		0		1.0e-01		19.6		1.0e-01
3003	J2057+21		20:57:00		1.0e-01		+21:00:00		1.0e-01		1116		1.0e-01		0		1.0e-01		73.6		1.0e-01
3004	J0305+11		03:05:00		1.0e-01		+11:00:00		1.0e-01		862			1.0e-01		0		1.0e-01		27.8		1.0e-01
3005	J0317+13		03:17:00		1.0e-01		+13:00:00		1.0e-01		1974		1.0e-01		0		1.0e-01		12.9		1.0e-01
3006	J1809+17		18:09:00		1.0e-01		+17:00:00		1.0e-01		2066		1.0e-01		0		1.0e-01		47.0		1.0e-01
3007	J2350+31		23:50:00		1.0e-01		+31:00:00		1.0e-01		508			1.0e-01		0		1.0e-01		39.1		1.0e-01
3008	J0935+33		09:35:00		1.0e-01		+33:00:00		1.0e-01		961			1.0e-01		0		1.0e-01		18.4		1.0e-01
3009	J1529+40		15:29:00		1.0e-01		+40:00:00		1.0e-01		476			1.0e-01		0		1.0e-01		6.6			1.0e-01
3010	J0613+37		06:13:00		1.0e-01		+37:00:00		1.0e-01		619			1.0e-01		0		1.0e-01		19.1		1.0e-01
3011	J0140+56		01:40:00		1.0e-01		+56:00:00		1.0e-01		1775		1.0e-01		0		1.0e-01		101.6		1.0e-01
3012	J1023+00		10:23:00		1.0e-01		+00:00:00		1.0e-01		 1.69 		1.0e-01		0		1.0e-01		 14.33 		1.0e-01
3013	J2256-10		22:56:00		1.0e-01		-10:00:00		1.0e-01		 2.29 		1.0e-01		0		1.0e-01		 13.78 		1.0e-01
3014	J1327-07		13:27:00		1.0e-01		-07:00:00		1.0e-01		 2.68 		1.0e-01		0		1.0e-01		 27.9 		1.0e-01
3015	J0336+17		03:36:00		1.0e-01		+17:00:00		1.0e-01		 2.73 		1.0e-01		0		1.0e-01		 21.3 		1.0e-01
3016	J1923+25		19:23:00		1.0e-01		+25:00:00		1.0e-01		 3.79 		1.0e-01		0		1.0e-01		 18.9 		1.0e-01
3017	J1738-08		17:38:00		1.0e-01		-08:00:00		1.0e-01		 4.18 		1.0e-01		0		1.0e-01		 55.3 		1.0e-01
3018	J0931-19		09:31:00		1.0e-01		-19:00:00		1.0e-01		 4.64 		1.0e-01		0		1.0e-01		 41.5 		1.0e-01
3019	J2221-01		22:21:00		1.0e-01		-01:00:00		1.0e-01		 32.8 		1.0e-01		0		1.0e-01		 3.2 		1.0e-01
3020	J0343+04		03:43:00		1.0e-01		+04:00:00		1.0e-01		 39.1 		1.0e-01		0		1.0e-01		 40.5 		1.0e-01
3021	J1643-10		16:43:00		1.0e-01		-10:00:00		1.0e-01		 62.8 		1.0e-01		0		1.0e-01		 76 		1.0e-01
3022	J1444+18		14:44:00		1.0e-01		+18:00:00		1.0e-01		 132 		1.0e-01		0		1.0e-01		 17 		1.0e-01
3023	J1941+01		19:41:00		1.0e-01		+01:00:00		1.0e-01		 217 		1.0e-01		0		1.0e-01		 51 		1.0e-01
3024	J1543-07		15:43:00		1.0e-01		-07:00:00		1.0e-01		 242 		1.0e-01		0		1.0e-01		 30 		1.0e-01
3025	J1911+22		19:11:00		1.0e-01		+22:00:00		1.0e-01		 320 		1.0e-01		0		1.0e-01		 47 		1.0e-01
3026	J1613+20		16:13:00		1.0e-01		+20:00:00		1.0e-01		 427 		1.0e-01		0		1.0e-01		 20 		1.0e-01
3027	J1502+00		15:02:00		1.0e-01		+00:00:00		1.0e-01		 464 		1.0e-01		0		1.0e-01		 22 		1.0e-01
3028	J1134+24		11:34:00		1.0e-01		+24:00:00		1.0e-01		 501 		1.0e-01		0		1.0e-01		 23 		1.0e-01
3029	J1623-08		16:23:00		1.0e-01		-08:00:00		1.0e-01		 502 		1.0e-01		0		1.0e-01		 60 		1.0e-01
3030	J2013-20		20:13:00		1.0e-01		-20:00:00		1.0e-01		 544 		1.0e-01		0		1.0e-01		 39 		1.0e-01
3031	J2013-06		20:13:00		1.0e-01		-06:00:00		1.0e-01		 580 		1.0e-01		0		1.0e-01		 64 		1.0e-01
3032	J1930-01		19:30:00		1.0e-01		-01:00:00		1.0e-01		 594 		1.0e-01		0		1.0e-01		 36 		1.0e-01
3033	J1745-01		17:45:00		1.0e-01		-01:00:00		1.0e-01		 680 		1.0e-01		0		1.0e-01		 67 		1.0e-01
3034	J1736-02		17:36:00		1.0e-01		-02:00:00		1.0e-01		 783 		1.0e-01		0		1.0e-01		 55 		1.0e-01
3035	J1519-06		15:19:00		1.0e-01		-06:00:00		1.0e-01		 795 		1.0e-01		0		1.0e-01		 28 		1.0e-01
3036	J1918-10		19:18:00		1.0e-01		-10:00:00		1.0e-01		 799 		1.0e-01		0		1.0e-01		 62 		1.0e-01
3037	J1902-08		19:02:00		1.0e-01		-08:00:00		1.0e-01		 887 		1.0e-01		0		1.0e-01		 67 		1.0e-01
3038	J1633-20		16:33:00		1.0e-01		-20:00:00		1.0e-01		 936 		1.0e-01		0		1.0e-01		 49 		1.0e-01
3039	J1556-05		15:56:00		1.0e-01		-05:00:00		1.0e-01		 975 		1.0e-01		0		1.0e-01		 24 		1.0e-01
3040	J1853-06		18:53:00		1.0e-01		-06:00:00		1.0e-01		 1048 		1.0e-01		0		1.0e-01		 43 		1.0e-01
3041	J2033-19		20:33:00		1.0e-01		-19:00:00		1.0e-01		 1282 		1.0e-01		0		1.0e-01		 24 		1.0e-01
3042	J1547-09		15:47:00		1.0e-01		-09:00:00		1.0e-01		 1577 		1.0e-01		0		1.0e-01		 38 		1.0e-01
3043	J0459-05		04:59:00		1.0e-01		-05:00:00		1.0e-01		 1883 		1.0e-01		0		1.0e-01		 48 		1.0e-01
3044	J2033+00		20:33:00		1.0e-01		+00:00:00		1.0e-01		 2506 		1.0e-01		0		1.0e-01		 38 		1.0e-01
3045	J1758-10		17:58:00		1.0e-01		-10:00:00		1.0e-01		 2513 		1.0e-01		0		1.0e-01		 38 		1.0e-01
3046	J2111+21		21:11:00		1.0e-01		+21:00:00		1.0e-01		 3952 		1.0e-01		0		1.0e-01		 58 		1.0e-01
3049	J1902+02		19:02:00		1.0e-01		+02:00:00		1.0e-01		415.32		1.0e-01		0		1.0e-01		281.2		1.0e-01
3050	J1907+05		19:07:00		1.0e-01		+05:00:00		1.0e-01		168.67		1.0e-01		0		1.0e-01		460.1		1.0e-01
3051	J1912+08		19:12:00		1.0e-01		+08:00:00		1.0e-01		0.0			1.0e-01		0		1.0e-01		96			1.0e-01
3052	J1913+0617		19:13:00		1.0e-01		+06:17:00		1.0e-01		5.03		1.0e-01		0		1.0e-01		155.8		1.0e-01
3053	J1914+06		19:14:00		1.0e-01		+06:00:00		1.0e-01		878.86		1.0e-01		0		1.0e-01		206.7		1.0e-01
3054	J1915+06		19:15:00		1.0e-01		+06:00:00		1.0e-01		644.10		1.0e-01		0		1.0e-01		214.5		1.0e-01
3055	J1921+16		19:21:00		1.0e-01		+16:00:00		1.0e-01		936.43		1.0e-01		0		1.0e-01		204.7		1.0e-01
3056	J1924+1628		19:24:00		1.0e-01		+16:28:00		1.0e-01		375.09		1.0e-01		0		1.0e-01		542.9		1.0e-01
3057	J1926+16		19:26:00		1.0e-01		+16:00:00		1.0e-01		308.30		1.0e-01		0		1.0e-01		32.9		1.0e-01
3058	J1927+19		19:27:00		1.0e-01		+19:00:00		1.0e-01		817.30		1.0e-01		0		1.0e-01		485.8		1.0e-01
3059	J1932+17		19:32:00		1.0e-01		+17:00:00		1.0e-01		41.82		1.0e-01		0		1.0e-01		53.2		1.0e-01
3060	J1937+16		19:37:00		1.0e-01		+16:00:00		1.0e-01		3.95		1.0e-01		0		1.0e-01		105.9		1.0e-01
3061	J0532+33		05:32:00		1.0e-01		+33:00:00		1.0e-01		0.0			1.0e-01		0		1.0e-01		557.4		1.0e-01
3062	J0608+16		06:08:00		1.0e-01		+16:00:00		1.0e-01		945.70		1.0e-01		0		1.0e-01		84.0		1.0e-01
3063	J1849+01		18:49:00		1.0e-01		+01:00:00		1.0e-01		1832.00		1.0e-01		0		1.0e-01		213.6		1.0e-01
3064	J1850+02		18:50:00		1.0e-01		+02:00:00		1.0e-01		4.48		1.0e-01		0		1.0e-01		540.5		1.0e-01
3065	J1851+0232		18:51:00		1.0e-01		+02:32:00		1.0e-01		344.02		1.0e-01		0		1.0e-01		605.4		1.0e-01
3066	J1854+00		18:54:00		1.0e-01		+00:00:00		1.0e-01		767.33		1.0e-01		0		1.0e-01		532.9		1.0e-01
3067	J1859+03		18:59:00		1.0e-01		+03:00:00		1.0e-01		1511.71		1.0e-01		0		1.0e-01		555.1		1.0e-01
3068	J1901+02		19:01:00		1.0e-01		+02:00:00		1.0e-01		885.24		1.0e-01		0		1.0e-01		403.0		1.0e-01
3069	J1903+04		19:03:00		1.0e-01		+04:00:00		1.0e-01		1151.39		1.0e-01		0		1.0e-01		473.5		1.0e-01
3070	J1906+03		19:06:00		1.0e-01		+03:00:00		1.0e-01		1259		1.0e-01		0		1.0e-01		212			1.0e-01
3071	J1906+0725		19:06:00		1.0e-01		+07:25:00		1.0e-01		1536.51		1.0e-01		0		1.0e-01		480.4		1.0e-01
3072	J1928+1725		19:28:00		1.0e-01		+17:25:00		1.0e-01		289.8		1.0e-01		0		1.0e-01		136			1.0e-01
3073	J1930+17		19:30:00		1.0e-01		+17:00:00		1.0e-01		1609.72		1.0e-01		0		1.0e-01		231.7		1.0e-01
3074	J1932+1459		19:32:00		1.0e-01		+14:59:00		1.0e-01		1864.30		1.0e-01		0		1.0e-01		82.8		1.0e-01
3075	J1936+20		19:36:00		1.0e-01		+20:00:00		1.0e-01		1390.88		1.0e-01		0		1.0e-01		205.1		1.0e-01
3076	J1943+22		19:43:00		1.0e-01		+22:00:00		1.0e-01		5.08		1.0e-01		0		1.0e-01		174.1		1.0e-01
3077	J0557+15		05:57:00		1.0e-01		+15:00:00		1.0e-01		2.55		1.0e-01		0		1.0e-01		102.7		1.0e-01
3078	J1851+0242		18:51:00		1.0e-01		+02:42:00		1.0e-01		1497.04		1.0e-01		0		1.0e-01		534.1		1.0e-01
3079	J1855+03		18:55:00		1.0e-01		+03:00:00		1.0e-01		1633.46		1.0e-01		0		1.0e-01		625.6		1.0e-01
3080	J1857+02		18:57:00		1.0e-01		+02:00:00		1.0e-01		772.75		1.0e-01		0		1.0e-01		681.4		1.0e-01
3081	J1858+0319		18:58:00		1.0e-01		+03:19:00		1.0e-01		867.38		1.0e-01		0		1.0e-01		289.8		1.0e-01
3082	J1900+04		19:00:00		1.0e-01		+04:00:00		1.0e-01		312.30		1.0e-01		0		1.0e-01		638.9		1.0e-01
3083	J1901+0510		19:01:00		1.0e-01		+05:10:00		1.0e-01		657.15		1.0e-01		0		1.0e-01		417.9		1.0e-01
3084	J1903+06		19:03:00		1.0e-01		+06:00:00		1.0e-01		791.15		1.0e-01		0		1.0e-01		338.3		1.0e-01
3085	J1905+04		19:05:00		1.0e-01		+04:00:00		1.0e-01		6.09		1.0e-01		0		1.0e-01		183.1		1.0e-01
3086	J1905+10		19:05:00		1.0e-01		+10:00:00		1.0e-01		1726.88		1.0e-01		0		1.0e-01		165.7		1.0e-01
3087	J1907+09		19:07:00		1.0e-01		+09:00:00		1.0e-01		1526.80		1.0e-01		0		1.0e-01		189.9		1.0e-01
3088	J1908+0831		19:08:00		1.0e-01		+08:31:00		1.0e-01		512.20		1.0e-01		0		1.0e-01		698.1		1.0e-01
3089	J1912+09		19:12:00		1.0e-01		+09:00:00		1.0e-01		323.88		1.0e-01		0		1.0e-01		490.9		1.0e-01
3090	J1913+0656		19:13:00		1.0e-01		+06:56:00		1.0e-01		1257.17		1.0e-01		0		1.0e-01		146.5		1.0e-01
3091	J1913+10		19:13:00		1.0e-01		+10:00:00		1.0e-01		190.07		1.0e-01		0		1.0e-01		234.1		1.0e-01
3092	J1913+1102		19:13:00		1.0e-01		+11:02:00		1.0e-01		27.29		1.0e-01		0		1.0e-01		341.2		1.0e-01
3093	J1914+08		19:14:00		1.0e-01		+08:00:00		1.0e-01		146.68		1.0e-01		0		1.0e-01		289.2		1.0e-01
3094	J1914+14		19:14:00		1.0e-01		+14:00:00		1.0e-01		1159.48		1.0e-01		0		1.0e-01		205.9		1.0e-01
3095	J1915+1149		19:15:00		1.0e-01		+11:49:00		1.0e-01		100.04		1.0e-01		0		1.0e-01		702.1		1.0e-01
3096	J1917+11		19:17:00		1.0e-01		+11:00:00		1.0e-01		5060		1.0e-01		0		1.0e-01		319			1.0e-01
3097	J1918+1310		19:18:00		1.0e-01		+13:10:00		1.0e-01		856.74		1.0e-01		0		1.0e-01		247.4		1.0e-01
3098	J1922+11		19:22:00		1.0e-01		+11:00:00		1.0e-01		562.07		1.0e-01		0		1.0e-01		331.3		1.0e-01
3099	J1928+14		19:28:00		1.0e-01		+14:00:00		1.0e-01		1010.94		1.0e-01		0		1.0e-01		104.2		1.0e-01
3100	J1929+11		19:29:00		1.0e-01		+11:00:00		1.0e-01		3218		1.0e-01		0		1.0e-01		80			1.0e-01
3101	J1929+14		19:29:00		1.0e-01		+14:00:00		1.0e-01		866.92		1.0e-01		0		1.0e-01		157.5		1.0e-01
3102	J1933+17		19:33:00		1.0e-01		+17:00:00		1.0e-01		21.51		1.0e-01		0		1.0e-01		156.6		1.0e-01
3103	J1938+20		19:38:00		1.0e-01		+20:00:00		1.0e-01		2.63		1.0e-01		0		1.0e-01		237.1		1.0e-01
3104	J1953+24		19:53:00		1.0e-01		+24:00:00		1.0e-01		193.41		1.0e-01		0		1.0e-01		80.8		1.0e-01
3105	J2005+26		20:05:00		1.0e-01		+26:00:00		1.0e-01		665.85		1.0e-01		0		1.0e-01		158.5		1.0e-01
3106	J1853+03		18:53:00		1.0e-01		+03:00:00		1.0e-01		585.53		1.0e-01		0		1.0e-01		290.2		1.0e-01
3107	J1854+0320		18:54:00		1.0e-01		+03:20:00		1.0e-01		628.54		1.0e-01		0		1.0e-01		479.5		1.0e-01
3108	J1901+0459		19:01:00		1.0e-01		+04:59:00		1.0e-01		877.06		1.0e-01		0		1.0e-01		1103.6		1.0e-01
3109	J1902+03		19:02:00		1.0e-01		+03:00:00		1.0e-01		7.79		1.0e-01		0		1.0e-01		253.7		1.0e-01
3110	J1906+01		19:06:00		1.0e-01		+01:00:00		1.0e-01		2.79		1.0e-01		0		1.0e-01		127.0		1.0e-01
3111	J1906+05		19:06:00		1.0e-01		+05:00:00		1.0e-01		397.59		1.0e-01		0		1.0e-01		104.6		1.0e-01
3112	J1907+02		19:07:00		1.0e-01		+02:00:00		1.0e-01		618.77		1.0e-01		0		1.0e-01		250.4		1.0e-01
3113	J1907+06		19:07:00		1.0e-01		+06:00:00		1.0e-01		323.62		1.0e-01		0		1.0e-01		427.6		1.0e-01
3114	J1908+0833		19:08:00		1.0e-01		+08:33:00		1.0e-01		167.61		1.0e-01		0		1.0e-01		511.5		1.0e-01
3115	J1909+11		19:09:00		1.0e-01		+11:00:00		1.0e-01		448.95		1.0e-01		0		1.0e-01		201.9		1.0e-01
3116	J1909+12		19:09:00		1.0e-01		+12:00:00		1.0e-01		1229.34		1.0e-01		0		1.0e-01		292.5		1.0e-01
3117	J1910+05		19:10:00		1.0e-01		+05:00:00		1.0e-01		308.04		1.0e-01		0		1.0e-01		305.9		1.0e-01
3118	J1910+1017		19:10:00		1.0e-01		+10:17:00		1.0e-01		411.09		1.0e-01		0		1.0e-01		636.6		1.0e-01
3119	J1910+1027		19:10:00		1.0e-01		+10:27:00		1.0e-01		531.47		1.0e-01		0		1.0e-01		705.7		1.0e-01
3120	J1911+09		19:11:00		1.0e-01		+09:00:00		1.0e-01		273.71		1.0e-01		0		1.0e-01		334.7		1.0e-01
3121	J1913+1103		19:13:00		1.0e-01		+11:03:00		1.0e-01		923.91		1.0e-01		0		1.0e-01		628.9		1.0e-01
3122	J1914+07		19:14:00		1.0e-01		+07:00:00		1.0e-01		18.51		1.0e-01		0		1.0e-01		224.7		1.0e-01
3123	J1915+1144		19:15:00		1.0e-01		+11:44:00		1.0e-01		173.65		1.0e-01		0		1.0e-01		338.3		1.0e-01
3124	J1924+17		19:24:00		1.0e-01		+17:00:00		1.0e-01		758.43		1.0e-01		0		1.0e-01		527.4		1.0e-01
3125	J1925+17		19:25:00		1.0e-01		+17:00:00		1.0e-01		75.66		1.0e-01		0		1.0e-01		223.7		1.0e-01
3126	J1930+14		19:30:00		1.0e-01		+14:00:00		1.0e-01		425.71		1.0e-01		0		1.0e-01		209.2		1.0e-01
3127	J1931+14		19:31:00		1.0e-01		+14:00:00		1.0e-01		593.08		1.0e-01		0		1.0e-01		239.3		1.0e-01
3128	J1934+19		19:34:00		1.0e-01		+19:00:00		1.0e-01		230.99		1.0e-01		0		1.0e-01		97.6		1.0e-01
3129	J1940+22		19:40:00		1.0e-01		+22:00:00		1.0e-01		258.89		1.0e-01		0		1.0e-01		218.1		1.0e-01
3130	J1950+24		19:50:00		1.0e-01		+24:00:00		1.0e-01		4.30		1.0e-01		0		1.0e-01		142.2		1.0e-01
3131	J1952+25		19:52:00		1.0e-01		+25:00:00		1.0e-01		1077.67		1.0e-01		0		1.0e-01		245.4		1.0e-01
3132	J1957+25		19:57:00		1.0e-01		+25:00:00		1.0e-01		3.96		1.0e-01		0		1.0e-01		44.1		1.0e-01
3133	J2010+31		20:10:00		1.0e-01		+31:00:00		1.0e-01		1551.47		1.0e-01		0		1.0e-01		251			1.0e-01
3134	J1858+02		18:58:00		1.0e-01		+02:00:00		1.0e-01		197.64		1.0e-01		0		1.0e-01		496.7		1.0e-01
3135	J1944+22		19:44:00		1.0e-01		+22:00:00		1.0e-01		3.62		1.0e-01		0		1.0e-01		184.7		1.0e-01
3136	J1952+26		19:52:00		1.0e-01		+26:00:00		1.0e-01		20.73		1.0e-01		0		1.0e-01		316.3		1.0e-01
3137	J2007+27		20:07:00		1.0e-01		+27:00:00		1.0e-01		24.49		1.0e-01		0		1.0e-01		127.3		1.0e-01
3138	J1844+01		18:44:00		1.0e-01		+01:00:00		1.0e-01		4.19		1.0e-01		0		1.0e-01		148.1		1.0e-01
3139	J1850+01		18:50:00		1.0e-01		+01:00:00		1.0e-01		3.56		1.0e-01		0		1.0e-01		119.1		1.0e-01
3140	J1859+06		18:59:00		1.0e-01		+06:00:00		1.0e-01		508.56		1.0e-01		0		1.0e-01		381.9		1.0e-01
3141	J1900+03		19:00:00		1.0e-01		+03:00:00		1.0e-01		4.91		1.0e-01		0		1.0e-01		249.9		1.0e-01
3142	J0611+14		06:11:00		1.0e-01		+14:00:00		1.0e-01		270.33		1.0e-01		0		1.0e-01		35.4		1.0e-01
3143	J0627+16		06:27:00		1.0e-01		+16:00:00		1.0e-01		2180.49		1.0e-01		0		1.0e-01		125			1.0e-01
3144	J1854+03		18:54:00		1.0e-01		+03:00:00		1.0e-01		4559.62		1.0e-01		0		1.0e-01		216			1.0e-01
3145	J1905+09		19:05:00		1.0e-01		+09:00:00		1.0e-01		3487.84		1.0e-01		0		1.0e-01		288			1.0e-01
3146	J1917+17		19:17:00		1.0e-01		+17:00:00		1.0e-01		334.72		1.0e-01		0		1.0e-01		204.9		1.0e-01
3147	J1919+17		19:19:00		1.0e-01		+17:00:00		1.0e-01		2080.9		1.0e-01		0		1.0e-01		148.4		1.0e-01
3148	J1946+24		19:46:00		1.0e-01		+24:00:00		1.0e-01		4729.34		1.0e-01		0		1.0e-01		96			1.0e-01
3149	J1955+25		19:55:00		1.0e-01		+25:00:00		1.0e-01		4.87		1.0e-01		0		1.0e-01		209.9		1.0e-01
3150	J1909+0640		19:09:00		1.0e-01		+06:40:00		1.0e-01		741.73		1.0e-01		0		1.0e-01		35.5		1.0e-01
3151	J1947+19		19:47:00		1.0e-01		+19:00:00		1.0e-01		157.50		1.0e-01		0		1.0e-01		176.5		1.0e-01
3152	J1949+31		19:49:00		1.0e-01		+31:00:00		1.0e-01		13.14		1.0e-01		0		1.0e-01		164.4		1.0e-01
3153	J1848+03		18:48:00		1.0e-01		+03:00:00		1.0e-01		191.45		1.0e-01		0		1.0e-01		353.3		1.0e-01
3154	J1850+04		18:50:00		1.0e-01		+04:00:00		1.0e-01		290.74		1.0e-01		0		1.0e-01		296.8		1.0e-01
3155	J1856+02		18:56:00		1.0e-01		+02:00:00		1.0e-01		80.89		1.0e-01		0		1.0e-01		621.8		1.0e-01
3156	J1858+03		18:58:00		1.0e-01		+03:00:00		1.0e-01		256.83		1.0e-01		0		1.0e-01		424.0		1.0e-01
3157	J1916+12		19:16:00		1.0e-01		+12:00:00		1.0e-01		227.36		1.0e-01		0		1.0e-01		254.4		1.0e-01
3158	J1924+1631		19:24:00		1.0e-01		+16:31:00		1.0e-01		2935.16		1.0e-01		0		1.0e-01		565.3		1.0e-01
3159	J1934+24		19:34:00		1.0e-01		+24:00:00		1.0e-01		178.44		1.0e-01		0		1.0e-01		339.2		1.0e-01
3160	J1948+23		19:48:00		1.0e-01		+23:00:00		1.0e-01		528.35		1.0e-01		0		1.0e-01		226.1		1.0e-01
3161	J1948+25		19:48:00		1.0e-01		+25:00:00		1.0e-01		196.61		1.0e-01		0		1.0e-01		282.6		1.0e-01
3162	J2005+35		20:05:00		1.0e-01		+35:00:00		1.0e-01		615.06		1.0e-01		0		1.0e-01		353.3		1.0e-01
3163	J2007+31		20:07:00		1.0e-01		+31:00:00		1.0e-01		608.18		1.0e-01		0		1.0e-01		204.9		1.0e-01
3164	J2013+31		20:13:00		1.0e-01		+31:00:00		1.0e-01		276.04		1.0e-01		0		1.0e-01		134.3		1.0e-01
3165	J1855+02		18:55:00		1.0e-01		+02:00:00		1.0e-01		246.83		1.0e-01		0		1.0e-01		848.0		1.0e-01
3166	J1903+03		19:03:00		1.0e-01		+03:00:00		1.0e-01		2.15		1.0e-01		0		1.0e-01		297.6		1.0e-01
3167	J1909+07		19:09:00		1.0e-01		+07:00:00		1.0e-01		237.15		1.0e-01		0		1.0e-01		537.0		1.0e-01
3168	J1919+13		19:19:00		1.0e-01		+13:00:00		1.0e-01		571.44		1.0e-01		0		1.0e-01		622.0		1.0e-01
3169	J1928+15		19:28:00		1.0e-01		+15:00:00		1.0e-01		402.7		1.0e-01		0		1.0e-01		242.0		1.0e-01
3170	J1938+2010		19:38:00		1.0e-01		+20:10:00		1.0e-01		686.97		1.0e-01		0		1.0e-01		310.9		1.0e-01
3171	J1940+23		19:40:00		1.0e-01		+23:00:00		1.0e-01		546.85		1.0e-01		0		1.0e-01		268.5		1.0e-01
3172	J1941+25		19:41:00		1.0e-01		+25:00:00		1.0e-01		2306.14		1.0e-01		0		1.0e-01		310.9		1.0e-01
3173	J1946+25		19:46:00		1.0e-01		+25:00:00		1.0e-01		515.17		1.0e-01		0		1.0e-01		244.0		1.0e-01
3174	J1949+23		19:49:00		1.0e-01		+23:00:00		1.0e-01		1319.53		1.0e-01		0		1.0e-01		196.1		1.0e-01
3175	J1953+27		19:53:00		1.0e-01		+27:00:00		1.0e-01		1333.84		1.0e-01		0		1.0e-01		310.9		1.0e-01
3176	J2006+31		20:06:00		1.0e-01		+31:00:00		1.0e-01		163.68		1.0e-01		0		1.0e-01		110.0		1.0e-01
3177	J2010+28		20:10:00		1.0e-01		+28:00:00		1.0e-01		565.35		1.0e-01		0		1.0e-01		105.0		1.0e-01
3178	J0540+3207		05:40:00		1.0e-01		+32:07:00		1.0e-01		524.03		1.0e-01		0		1.0e-01		61.9		1.0e-01
3179	J0628+09		06:28:00		1.0e-01		+09:00:00		1.0e-01		1241.42		1.0e-01		0		1.0e-01		88.0		1.0e-01
3180	J1904+07		19:04:00		1.0e-01		+07:00:00		1.0e-01		208.96		1.0e-01		0		1.0e-01		275.0		1.0e-01
3181	J1905+08		19:05:00		1.0e-01		+08:00:00		1.0e-01		218.24		1.0e-01		0		1.0e-01		452.2		1.0e-01
3182	J1906+0746		19:06:00		1.0e-01		+07:46:00		1.0e-01		144.00		1.0e-01		0		1.0e-01		217.8		1.0e-01
3184	J0011+08		00:11:00		1.0e-01		+08:00:00		1.0e-01		2552.87		1.0e-01		0		1.0e-01		24.9		1.0e-01
3185	J0050+03		00:50:00		1.0e-01		+03:00:00		1.0e-01		1366.56		1.0e-01		0		1.0e-01		26.5		1.0e-01
3186	J0156+04		01:56:00		1.0e-01		+04:00:00		1.0e-01		0.0			1.0e-01		0		1.0e-01		27.5		1.0e-01
3187	J0544+20		05:44:00		1.0e-01		+20:00:00		1.0e-01		0.0			1.0e-01		0		1.0e-01		56.9		1.0e-01
3188	J0611+04		06:11:00		1.0e-01		+04:00:00		1.0e-01		0.0			1.0e-01		0		1.0e-01		69.9		1.0e-01
3189	J1017+02		10:17:00		1.0e-01		+02:00:00		1.0e-01		0.0			1.0e-01		0		1.0e-01		22.5		1.0e-01
3190	J1148+08		11:48:00		1.0e-01		+08:00:00		1.0e-01		1624.78		1.0e-01		0		1.0e-01		26.8		1.0e-01
3191	J1411+25		14:11:00		1.0e-01		+25:00:00		1.0e-01		62.43		1.0e-01		0		1.0e-01		12.4		1.0e-01
3192	J1433+00		14:33:00		1.0e-01		+00:00:00		1.0e-01		0.0			1.0e-01		0		1.0e-01		23.5		1.0e-01
3193	J1537+17		15:37:00		1.0e-01		+17:00:00		1.0e-01		690.34		1.0e-01		0		1.0e-01		34.7		1.0e-01
3194	J1603+18		16:03:00		1.0e-01		+18:00:00		1.0e-01		0.0			1.0e-01		0		1.0e-01		29.7		1.0e-01
3195	J1656+00		16:56:00		1.0e-01		+00:00:00		1.0e-01		1497.85		1.0e-01		0		1.0e-01		46.9		1.0e-01
3196	J1717+03		17:17:00		1.0e-01		+03:00:00		1.0e-01		0.0			1.0e-01		0		1.0e-01		25.6		1.0e-01
3197	J1720+00		17:20:00		1.0e-01		+00:00:00		1.0e-01		0.0			1.0e-01		0		1.0e-01		46.2		1.0e-01
3198	J1907+06		19:07:00		1.0e-01		+06:00:00		1.0e-01		0.0			1.0e-01		0		1.0e-01		24.0		1.0e-01
3199	J1941+01		19:41:00		1.0e-01		+01:00:00		1.0e-01		1404.73		1.0e-01		0		1.0e-01		133.3		1.0e-01
3200	J2105+07		21:05:00		1.0e-01		+07:00:00		1.0e-01		3746.63		1.0e-01		0		1.0e-01		52.6		1.0e-01
3201	J0155+18		01:55:00		1.0e-01		+18:00:00		1.0e-01		2.36		1.0e-01		0		1.0e-01		19.8		1.0e-01
3202	J0225+17		02:25:00		1.0e-01		+17:00:00		1.0e-01		390.31		1.0e-01		0		1.0e-01		20.4		1.0e-01
3203	J0343+06		03:43:00		1.0e-01		+06:00:00		1.0e-01		1007.64		1.0e-01		0		1.0e-01		46.3		1.0e-01
3204	J0509+08		05:09:00		1.0e-01		+08:00:00		1.0e-01		4.06		1.0e-01		0		1.0e-01		38.3		1.0e-01
3205	J0640-00		06:40:00		1.0e-01		-00:00:00		1.0e-01		2409.49		1.0e-01		0		1.0e-01		64.8		1.0e-01
3206	J0709+05		07:09:00		1.0e-01		+05:00:00		1.0e-01		34.43		1.0e-01		0		1.0e-01		44.3		1.0e-01
3207	J0806+08		08:06:00		1.0e-01		+08:00:00		1.0e-01		2063.10		1.0e-01		0		1.0e-01		46.2		1.0e-01
3208	J0928+06		09:28:00		1.0e-01		+06:00:00		1.0e-01		2060.36		1.0e-01		0		1.0e-01		49.9		1.0e-01
3209	J1628+06		16:28:00		1.0e-01		+06:00:00		1.0e-01		1381.77		1.0e-01		0		1.0e-01		52.2		1.0e-01
3210	J1638+11		16:38:00		1.0e-01		+11:00:00		1.0e-01		1678.47		1.0e-01		0		1.0e-01		53.7		1.0e-01
3211	J1726-00		17:26:00		1.0e-01		-00:00:00		1.0e-01		1308.62		1.0e-01		0		1.0e-01		56.9		1.0e-01
3212	J1802+03		18:02:00		1.0e-01		+03:00:00		1.0e-01		664.26		1.0e-01		0		1.0e-01		77.3		1.0e-01
3213	J1937-00		19:37:00		1.0e-01		-00:00:00		1.0e-01		240.15		1.0e-01		0		1.0e-01		68.6		1.0e-01
3214	J2050+18		20:50:00		1.0e-01		+18:00:00		1.0e-01		5048.3		1.0e-01		0		1.0e-01		63.3		1.0e-01
3215	J2234+06		22:34:00		1.0e-01		+06:00:00		1.0e-01		3.58		1.0e-01		0		1.0e-01		10.8		1.0e-01
3216	J2329+16		23:29:00		1.0e-01		+16:00:00		1.0e-01		632.07		1.0e-01		0		1.0e-01		30.8		1.0e-01
3217	J0158+21		01:58:00		1.0e-01		+21:00:00		1.0e-01		505.28		1.0e-01		0		1.0e-01		19.6		1.0e-01
3218	J0229+20		02:29:00		1.0e-01		+20:00:00		1.0e-01		806.88		1.0e-01		0		1.0e-01		26.5		1.0e-01
3219	J0244+14		02:44:00		1.0e-01		+14:00:00		1.0e-01		2127.48		1.0e-01		0		1.0e-01		30.2		1.0e-01
3220	J0453+16		04:53:00		1.0e-01		+16:00:00		1.0e-01		45.78		1.0e-01		0		1.0e-01		29.2		1.0e-01
3221	J0457+23		04:57:00		1.0e-01		+23:00:00		1.0e-01		504.91		1.0e-01		0		1.0e-01		58.9		1.0e-01
3222	J0608+00		06:08:00		1.0e-01		+00:00:00		1.0e-01		1076.19		1.0e-01		0		1.0e-01		48.05		1.0e-01
3223	J0628+06		06:28:00		1.0e-01		+06:00:00		1.0e-01		346.49		1.0e-01		0		1.0e-01		86.53		1.0e-01
3224	J0824+00		08:24:00		1.0e-01		+00:00:00		1.0e-01		9.86		1.0e-01		0		1.0e-01		34.6		1.0e-01
3226	J1807+04		18:07:00		1.0e-01		+04:00:00		1.0e-01		798.85		1.0e-01		0		1.0e-01		52.67		1.0e-01
3227	J1821+01		18:21:00		1.0e-01		+01:00:00		1.0e-01		33.78		1.0e-01		0		1.0e-01		51.78		1.0e-01
3228	J1945+07		19:45:00		1.0e-01		+07:00:00		1.0e-01		1073.94		1.0e-01		0		1.0e-01		62.43		1.0e-01
3229	J2340+08		23:40:00		1.0e-01		+08:00:00		1.0e-01		303.30		1.0e-01		0		1.0e-01		23.99		1.0e-01
3230	J2204+27		22:04:00		1.0e-01		+27:00:00		1.0e-01		84.69		1.0e-01		0		1.0e-01		35.1		1.0e-01
3234	J1838-0106		18:38:49.56 	1.0e-01		-01:06:02.2 	1.0e-01		444.42569	1.0e-01		0		1.0e-01		268.9		1.0e-01
3235	J1734-3100		17:34:54.12		1.0e-01		-31:00:15.2		1.0e-01		541.28578	1.0e-01		0		1.0e-01		261.5		1.0e-01
3236	J1532-5603		15:32:33.00		1.0e-01		-56:03:59.6 	1.0e-01		522.97552	1.0e-01		0		1.0e-01		282.0		1.0e-01
3237	J1840-0221		18:40:02.28		1.0e-01		-02:21:11.4 	1.0e-01		1266.77		1.0e-01		0		1.0e-01		345.9		1.0e-01
3238	J1731-3325		17:31:00.48		1.0e-01		-33:25:26.9 	1.0e-01		544.668		1.0e-01		0		1.0e-01		877.4		1.0e-01
3239	J1708-3639		17:08:59.28		1.0e-01		-36:39:59.7 	1.0e-01		587.567		1.0e-01		0		1.0e-01		314.1		1.0e-01
3240	J1526-5524		15:26:11.40		1.0e-01		-55:24:51.5 	1.0e-01		355.156		1.0e-01		0		1.0e-01		127.2		1.0e-01
3241	J1527-5545		15:27:57.96		1.0e-01		-55:45:23.0 	1.0e-01		3467.300	1.0e-01		0		1.0e-01		265.8		1.0e-01
3242	J1622-4851		16:22:04.08		1.0e-01		-48:51:02.7 	1.0e-01		735.089		1.0e-01		0		1.0e-01		292.1		1.0e-01
3243	J1824-1350		18:24:55.08		1.0e-01		-13:50:46.2 	1.0e-01		1396.602	1.0e-01		0		1.0e-01		549.6		1.0e-01
3244	J1840-0333		18:40:18.84		1.0e-01		-03:33:10.5 	1.0e-01		2675.676	1.0e-01		0		1.0e-01		195.1		1.0e-01
3245	J1025-5449		10:25:53.76 	1.0e-01		-54:49:47.6		1.0e-01		92.89369	1.0e-01		0		1.0e-01		335.0		1.0e-01
3246	J1613-4926		16:13:00.12		1.0e-01		-49:26:23.4 	1.0e-01		192.6872	1.0e-01		0		1.0e-01		439.4		1.0e-01
3247	J1248-6450		12:48:36.00		1.0e-01		-64:50:24.3 	1.0e-01		1234.889	1.0e-01		0		1.0e-01		237.4		1.0e-01
3248	J1835-0928		18:35:22.92		1.0e-01		-09:27:34.1 	1.0e-01		621.734		1.0e-01		0		1.0e-01		449.55		1.0e-01
3249	J1835-0927		18:35:22.92		1.0e-01		-09:27:34.1 	1.0e-01		235.232		1.0e-01		0		1.0e-01		546.78		1.0e-01
3250	J1722-3822		17:22:58.08		1.0e-01		-38:22:41.4		1.0e-01		765.79615	1.0e-01		0		1.0e-01		463.95		1.0e-01
3251	J1152-6111		11:52:19.56		1.0e-01		-61:11:19.2 	1.0e-01		101.634		1.0e-01		0		1.0e-01		216.991		1.0e-01
3252	J1244-6402		12:44:46.32		1.0e-01		-64:02:09.3 	1.0e-01		147.27848	1.0e-01		0		1.0e-01		286.52		1.0e-01
3253	J1703-3722		17:03:57.96		1.0e-01		-37:22:35.9 	1.0e-01		37.226267	1.0e-01		0		1.0e-01		280.13		1.0e-01
3254	J1843-0508		18:43:25.68		1.0e-01		-05:08:56.0 	1.0e-01		671.61824	1.0e-01		0		1.0e-01		250.83		1.0e-01
3255	J1843-0418		18:43:15.6		1.0e-01		-04:18:36.8 	1.0e-01		85.300761	1.0e-01		0		1.0e-01		1262.6		1.0e-01
3256	J1843-0306		18:43:53.76		1.0e-01		-03:06:15.3 	1.0e-01		1198.6260	1.0e-01		0		1.0e-01		533.07		1.0e-01
3260	J1238-6223		12:38:42.36		1.0e-01		-62:23:06.2 	1.0e-01		9.75847212	1.0e-01		0		1.0e-01		1497.22		1.0e-01
3261	J1522-5534		15:22:11.64 	1.0e-01		-55:34:35.1 	1.0e-01		231.585778	1.0e-01		0		1.0e-01		90.367		1.0e-01
3262	J1649-3933		16:49:18.84		1.0e-01		-39:33:22.6 	1.0e-01		770.859727	1.0e-01		0		1.0e-01		290.3		1.0e-01
3263	J1847-0429		18:47:22.2		1.0e-01		-04:29:44.5 	1.0e-01		259.224566	1.0e-01		0		1.0e-01		188.307		1.0e-01
3265	J1551-5156		15:51:07.56 	1.0e-01		-51:56:54.5		1.0e-01		68.1534415	1.0e-01		0		1.0e-01		98.437		1.0e-01
3266	J1842-0759		18:42:52.56 	1.0e-01		-07:59:22.3 	1.0e-01		1255.46407	1.0e-01		0		1.0e-01		188.6		1.0e-01
3267	J1845-0641		18:45:34.92 	1.0e-01		-06:41:12.0 	1.0e-01		340.530069	1.0e-01		0		1.0e-01		415.0		1.0e-01
3268	J1832-0212		18:32:56.76		1.0e-01		-02:12:43.9 	1.0e-01		291.929		1.0e-01		0		1.0e-01		325.4		1.0e-01
3269	J1638-4444		16:38:17.88 	1.0e-01		-44:44:59.4 	1.0e-01		568.05659	1.0e-01		0		1.0e-01		494			1.0e-01
3270	J1738-2734		17:38:12.48 	1.0e-01		-27:34:40.3 	1.0e-01		627.713		1.0e-01		0		1.0e-01		323.0		1.0e-01
3271	J1633-4955		16:33:10.8 		1.0e-01		-49:54:55.6 	1.0e-01		684.889		1.0e-01		0		1.0e-01		649.1		1.0e-01
3272	J1759-2402		17:59:24.72 	1.0e-01		-24:02:34.8 	1.0e-01		1457.739	1.0e-01		0		1.0e-01		772.5		1.0e-01
3273	J1002-5918		10:02:09.24 	1.0e-01		-59:18:40.5 	1.0e-01		713.49520	1.0e-01		0		1.0e-01		347.2		1.0e-01
3274	J1538-5623		15:38:51.0 		1.0e-01		-56:23:48.0 	1.0e-01		1908.49406	1.0e-01		0		1.0e-01		163			1.0e-01
3275	J1101-6425		11:01:40.44		1.0e-01		-64:25:40.7		1.0e-01		5.108736814	1.0e-01		0		1.0e-01		207			1.0e-01
3276	J1616-5017		16:16:37.92 	1.0e-01		-50:17:35.4 	1.0e-01		491.376		1.0e-01		0		1.0e-01		194.0		1.0e-01
3277	J1228-6308		12:28:06.24		1.0e-01		-63:08:17.9 	1.0e-01		444.5638004	1.0e-01		0		1.0e-01		360			1.0e-01
3278	J1830-1033		18:30:11.88		1.0e-01		‑10:33:40.7		1.0e-01		245 		1.0e-01		0		1.0e-01		203			1.0e-01
3280	J1811-1721		18:11:24.78 	1.0e-01		-17:21:45.7 	1.0e-01		391.3842531	1.0e-01		0		1.0e-01		545.5		1.0e-01
3281	J1746-2752		17:46:06.37 	1.0e-01		-27:52:37.3 	1.0e-01		487.5279755	1.0e-01		0		1.0e-01		443			1.0e-01
3282	J1255-6247		12:55:02.28		1.0e-01		‑62:47:57.7		1.0e-01		182			1.0e-01		0		1.0e-01		713			1.0e-01
3283	J1732-3512		17:32:11.65 	1.0e-01		‑35:12:08.5		1.0e-01		126			1.0e-01		0		1.0e-01		340			1.0e-01
3284	J1741-3420		17:41:58.92 	1.0e-01		-34:20:05.6 	1.0e-01		875.079811	1.0e-01		0		1.0e-01		241.8		1.0e-01
3285	J1758-2743		17:58:14.88 	1.0e-01		-27:43:06.3 	1.0e-01		17.6872126	1.0e-01		0		1.0e-01		333.9		1.0e-01
3286	J1755-2605		17:55:08.40 	1.0e-01		-26:05:05.5 	1.0e-01		430.871909	1.0e-01		0		1.0e-01		405			1.0e-01
3288	J1750-2840		17:50:16.08 	1.0e-01		-28:40:58.2 	1.0e-01		1300.517734	1.0e-01		0		1.0e-01		388.7		1.0e-01
3290	J1711-3721		17:11:41.28 	1.0e-01		-37:21:45.5 	1.0e-01		792.6603279	1.0e-01		0		1.0e-01		347			1.0e-01
3291	J1349-6356		13:49:24.60 	1.0e-01		-63:56:26.1 	1.0e-01		373.0340968	1.0e-01		0		1.0e-01		478			1.0e-01
3292	J1720-3655		17:20:42.36 	1.0e-01		-36:55:30.7 	1.0e-01		92.1321248	1.0e-01		0		1.0e-01		341.9		1.0e-01
3293	J1825-1114		18:25:05.88		1.0e-01		-11:14:00.6		1.0e-01		1925.88266	1.0e-01		0		1.0e-01		121			1.0e-01
3295	J1836-1117		18:36:06.12		1.0e-01		-11:17:12.8		1.0e-01		496.14		1.0e-01		0		1.0e-01		326.1		1.0e-01
3296	J1834-0915		18:34:36.84		1.0e-01		-09:15:42		1.0e-01		512.33		1.0e-01		0		1.0e-01		529.2		1.0e-01
3297	J1658-4712		16:58:22.08		1.0e-01		-47:12:43.3		1.0e-01		369.33		1.0e-01		0		1.0e-01		533.1		1.0e-01
3298	J1819-1706		18:19:31.8		1.0e-01		-17:03:37.5 	1.0e-01		2352.24		1.0e-01		0		1.0e-01		81.2		1.0e-01
3300	J1612-5509		16:12:04.33 	1.0e-01		-55:09:27.2 	1.0e-01		846.907		1.0e-01		0		1.0e-01		312			1.0e-01
3302	J1456-5504		14:56:30.48 	1.0e-01		-55:04:25.3 	1.0e-01		242.9981	1.0e-01		0		1.0e-01		71			1.0e-01
3304	J1627-5108		16:27:33.12 	1.0e-01		-51:08:07.1 	1.0e-01		439.684		1.0e-01		0		1.0e-01		201			1.0e-01
3305	J1718-4107		17:18:14.4		1.0e-01		-41:07:28.8		1.0e-01		548.419		1.0e-01		0		1.0e-01		349			1.0e-01
3309	J1627-4954		16:27:46.44 	1.0e-01		-49:54:35.8 	1.0e-01		623.678		1.0e-01		0		1.0e-01		596			1.0e-01
